99   54   
98   42   
97   75   
94   69   
93   45   
92   24   
87   5    
86   92   
85   4    
80   66   
79   81   
78   36   
76   13   
75   46   
72   29   
68   61   
67   76   
66   14   
64   97   
61   99   
60   42   
59   46   
58   95   
56   24   
55   96   
53   80   
51   36   
50   62   
49   4    
48   82   
46   78   
45   6    
44   97   
43   9    
42   80   
39   58   
33   61   
32   2    
31   74   
30   51   
29   14   
28   31   
27   43   
26   61   
24   21   
23   76   
22   61   
21   43   
20   53   
19   75   
18   57   
17   78   
16   80   
15   31   
14   82   
13   7    
12   29   
11   51   
10   37   
8    33   
5    3    
2    58   
1    47   
0    65   
