20 374
21 596
30 506
35 316
41 595
52 31
72 924
82 118
101 6
106 288
115 833
145 705
150 350
153 902
168 413
191 107
199 348
287 457
290 986
299 667
306 977
308 931
323 626
333 322
337 7
350 370
350 602
358 478
359 410
376 966
382 292
383 753
386 673
421 807
430 966
436 827
439 944
464 962
467 41
467 127
483 548
483 648
484 668
491 961
500 334
512 97
514 813
514 813
537 624
538 771
538 537
541 929
548 393
573 777
574 655
588 221
591 900
604 391
617 310
623 629
636 161
644 547
648 264
655 762
658 639
664 673
711 141
716 421
724 169
724 941
726 447
729 890
734 281
741 723
745 21
757 662
758 209
767 355
778 529
788 900
805 446
811 703
827 281
829 270
836 291
840 756
842 190
859 37
868 253
893 728
894 35
895 718
909 945
912 869
930 704
938 418
942 995
942 40
946 422
954 84
999 53
