98   6
98   2
97   99
97   6
95   25
95   10
94   60
94   60
94   36
91   80
91   44
91   22
90   21
89   78
88   68
86   76
86   40
86   7
84   62
82   67
82   13
80   11
78   61
77   25
74   53
73   65
70   82
70   55
69   98
68   2
66   61
64   70
64   52
62   26
61   40
60   56
59   87
58   74
58   57
58   21
58   13
56   61
55   76
55   72
54   35
54   34
52   61
51   34
49   85
46   41
45   56
44   71
42   70
42   63
42   36
41   76
40   26
40   15
37   46
36   53
35   99
35   40
35   10
32   81
31   77
30   19
30   14
29   20
29   18
26   58
25   99
25   21
24   53
24   1
23   6
20   79
20   8
19   34
18   87
18   59
16   53
16   26
16   9
13   68
13   53
13   24
13   4
12   17
9    64
9    20
8    11
7    61
6    31
6    9
5    74
2    5
1    83
1    71
0    73
0    29
